select_city=320100
lianjia_uuid=d004aa3a-8123-422e-afa4-406511529431
Hm_lvt_46bf127ac9b856df503ec2dbf942b67e=1782575899
lianjia_token=2.001339d4cf4a3a8cb20294fdfe995465ae
lianjia_token_secure=2.001339d4cf4a3a8cb20294fdfe995465ae